GCE_JC2
21861610874
29584439812
17989015870
22893340814
34897401810
12951105800
35041209839
1509556699
34069938850
30298639807
17140029857
31903676800
9790701802
30692828818
30362439842
26094659805
20097690821
34232439889
28248369897
12721316885
18480656808
34503029819
16643849870
22185247832
21879004879
4543753879
32041689803
26530320822
36598723850
15639182857
18501453854
17443819846
26755966800
16593253820
22092849883
21287300820
27777612808
28262186893
29353576806
30229576885
15329655838
15331162886
28819237806
29161502855
17299604809
19527124832
12705655832
15133014899
15302915855
13462572806
15167389852
15734616877
22827488833
22795240823
21862041857
27224997897
28735349824
27709788882
22248461852
90645936804
29731745890
31763192822
22243600889
33302157800
36029498851
34831912832
33930681803
20521319811
29780797890
32166765874
33928264800
23022464894
35951190886
32579511830
32588570836
36445191886
26657573898
22889501884
25493551802
36848195812
30934481822
33431476805
32496757840
35869809819
12892662800
34020566828
26458076827
30931035848
32018612867
9800241884
32686363819
27958179855
33928170821
1739474171
14000487884
36915871861
33685354809
