S.R.S -  JC2
21861610874
27332915804
93601891549
29584439812
17989015870
22893340814
34897401810
12951105800
35041209839
1509556699
34069938850
30298639807
17140029857
31903676800
9790701802
30692828818
30362439842
26094659805
20097690821
22278738844
32881603823
34232439889
34847852842
28248369897
12721316885
18480656808
34503029819
32704792801
24701624837
26039764864
16643849870
22185247832
21879004879
4543753879
32041689803
26530320822
27808982830
36598723850
15639182857
18501453854
17443819846
26755966800
16593253820
28607890816
25741194877
22092849883
21287300820
27777612808
28262186893
29353576806
30229576885
15329655838
15331162886
3653909686
1367746604
28819237806
82611840563
29161502855
17299604809
19527124832
12705655832
15133014899
15302915855
13462572806
15167389852
15734616877
22827488833
22795240823
21862041857
27224997897
28735349824
27709788882
22248461852
90645936804
29731745890
31763192822
22243600889
22595674870
33302157800
36029498851
34831912832
33930681803
20521319811
29780797890
32166765874
33928264800
23022464894
35951190886
32579511830
32588570836
29580805873
34148386800
36445191886
26657573898
22889501884
25493551802
36848195812
32393322809
30934481822
33431476805
34562083832
32496757840
21307810802
31957184809
35869809819
12892662800
28209490885
34020566828
31074875893
31748721895
37269181837
26458076827
30931035848
58554408187
32018612867
9800241884
32686363819
27958179855
33928170821
33132884804
1739474171
14000487884
36915871861
33685354809
25068089818
31842750860
34757527861
34669002805
21348069821
33497053830
37008497881
35474420870
33908921848
7268241607
7021959605
33965890840
33272278885
33242777875
35854399857
30423668803
35116090892
35030713859
31553859871
33350549896
32726138896
32525590805
30141256877
26007024822
15748797828
25955703829
5536261673
31203506805
1432323121
35920741805
855365048
25588366840
31011561816
36199024885
33699388808
14254797826
28596599860
35860338856
36436157875
33676030826
16805300894
34413115821
32882260814
10016061837
22218304821
34665086818
35256399888
30368817865
25930879869
21378035852
